%YAML:1.0
---
calibration_time: "Чт. 12 янв. 2017 17:07:43"
nframes: 10
image_width: 640
image_height: 480
board_width: 6
board_height: 7
square_size: 1.9999999552965164e-02
aspectRatio: 1.
flags: 2
camera_matrix: !!opencv-matrix
   rows: 3
   cols: 3
   dt: d
   data: [ 5.4268975726686801e+02, 0., 3.3146251392054285e+02, 0.,
       5.4268975726686801e+02, 2.5222026395600892e+02, 0., 0., 1. ]
distortion_coefficients: !!opencv-matrix
   rows: 5
   cols: 1
   dt: d
   data: [ -2.2500365502297134e-01, 1.5739761715911376e+00,
       5.3451021675173871e-04, 7.0567401247752064e-03,
       -2.9962184495208022e+00 ]
avg_reprojection_error: 1.9522574239168827e-01
per_view_reprojection_errors: !!opencv-matrix
   rows: 10
   cols: 1
   dt: f
   data: [ 1.97730258e-01, 1.17207102e-01, 1.79199815e-01,
       1.59062192e-01, 2.08904356e-01, 1.63261488e-01, 2.35923961e-01,
       1.42049208e-01, 3.03225100e-01, 1.81118459e-01 ]
extrinsic_parameters: !!opencv-matrix
   rows: 10
   cols: 6
   dt: d
   data: [ -5.7086468753151187e-01, 1.7487474488983908e-02,
       1.5274712450217026e-01, -3.4772094753351433e-02,
       -3.5259988920292452e-02, 5.0616685625277003e-01,
       -1.7554767003261015e-01, 2.0562592493359869e-01,
       6.1754144094885455e-01, -5.5266571894342524e-02,
       -6.5467214623246436e-02, 5.3957021155025064e-01,
       -3.9247139112690310e-01, 4.5366888081115012e-02,
       -2.8547671584869244e-01, -4.9517812784908265e-02,
       -7.6154287992150479e-03, 5.1771424793672371e-01,
       2.0308582858049062e-01, 2.0439973730680375e-01,
       6.2490840655589040e-02, -6.7841596845079913e-02,
       -2.0662215393161983e-02, 5.1670544765484283e-01,
       8.4275452063920314e-02, 6.0633241794356341e-01,
       2.8736807953903820e-01, -4.3570053394492714e-02,
       -1.7005126950245621e-02, 5.1381501573612864e-01,
       5.4579817509892367e-02, -4.5599515515012082e-02,
       -1.7066507423167873e-01, -4.7132518757727879e-02,
       1.3048133131076022e-02, 4.8639530282862747e-01,
       -8.2788568092584980e-01, 3.6492444772785591e-02,
       -5.6292252488967364e-03, 2.2954601253452975e-03,
       2.5930333434684708e-02, 5.9229024796083829e-01,
       -1.5722733049041543e-01, 2.1658347664155232e-02,
       -2.5166952717490788e-02, -5.6220187808552913e-03,
       1.3512124667782005e-02, 5.4738417823125507e-01,
       5.4843050687563144e-01, 5.2199821337659491e-02,
       -4.8665217736768011e-02, -3.8096365122416861e-03,
       2.8059798246639674e-02, 4.9123113916696620e-01,
       -4.2493902249593804e-02, 6.0631536548580200e-01,
       -3.2375304373552442e-03, 3.4850164755330752e-02,
       2.1213163447903350e-02, 5.6307596414790984e-01 ]
image_points: !!opencv-matrix
   rows: 10
   cols: 42
   dt: "2f"
   data: [ 2.94225525e+02, 2.14587112e+02, 3.15243378e+02,
       2.17556396e+02, 3.36482758e+02, 2.20239517e+02, 3.58067993e+02,
       2.23306427e+02, 3.79463165e+02, 2.26210434e+02, 4.00850952e+02,
       2.29245178e+02, 2.90254761e+02, 2.31983902e+02, 3.11599304e+02,
       2.34644714e+02, 3.33492340e+02, 2.37747299e+02, 3.55417999e+02,
       2.40603683e+02, 3.77301147e+02, 2.43674057e+02, 3.99037445e+02,
       2.46890625e+02, 2.85978058e+02, 2.50082977e+02, 3.07931213e+02,
       2.53033844e+02, 3.30173004e+02, 2.55893768e+02, 3.52601624e+02,
       2.59138306e+02, 3.74969604e+02, 2.62290009e+02, 3.97261261e+02,
       2.65791046e+02, 2.81662781e+02, 2.69274200e+02, 3.03916168e+02,
       2.72158630e+02, 3.26719879e+02, 2.75362915e+02, 3.49562195e+02,
       2.78465820e+02, 3.72453308e+02, 2.81876068e+02, 3.95186768e+02,
       2.85495636e+02, 2.77066162e+02, 2.88758881e+02, 3.00027924e+02,
       2.92024841e+02, 3.23172546e+02, 2.95349701e+02, 3.46595795e+02,
       2.98791046e+02, 3.69859619e+02, 3.02178253e+02, 3.93189148e+02,
       3.05970795e+02, 2.72392487e+02, 3.09206757e+02, 2.95686127e+02,
       3.12595734e+02, 3.19414429e+02, 3.16169128e+02, 3.43314636e+02,
       3.19734955e+02, 3.67256836e+02, 3.23415680e+02, 3.90926910e+02,
       3.26917114e+02, 2.67340149e+02, 3.30732361e+02, 2.91248108e+02,
       3.34396881e+02, 3.15330292e+02, 3.38163818e+02, 3.39970520e+02,
       3.41915131e+02, 3.64305725e+02, 3.45508484e+02, 3.88614899e+02,
       3.49399414e+02, 2.76412170e+02, 1.86739960e+02, 2.91622437e+02,
       1.97348495e+02, 3.07591248e+02, 2.07926682e+02, 3.23784393e+02,
       2.19132919e+02, 3.40369354e+02, 2.30272095e+02, 3.56878906e+02,
       2.41701630e+02, 2.64437775e+02, 2.02664703e+02, 2.79599915e+02,
       2.13232437e+02, 2.95335571e+02, 2.24273666e+02, 3.11546600e+02,
       2.35383835e+02, 3.27941864e+02, 2.46832947e+02, 3.44662445e+02,
       2.58503815e+02, 2.52300476e+02, 2.18627151e+02, 2.67487610e+02,
       2.29467300e+02, 2.83152008e+02, 2.40515732e+02, 2.99219849e+02,
       2.51995087e+02, 3.15603149e+02, 2.63624451e+02, 3.32247223e+02,
       2.75632996e+02, 2.40272873e+02, 2.34854080e+02, 2.55253036e+02,
       2.45781937e+02, 2.70677155e+02, 2.57192657e+02, 2.86751282e+02,
       2.68764435e+02, 3.03080688e+02, 2.80715515e+02, 3.19695679e+02,
       2.92793243e+02, 2.28073151e+02, 2.50930923e+02, 2.42977722e+02,
       2.62242310e+02, 2.58584778e+02, 2.73731995e+02, 2.74465424e+02,
       2.85690094e+02, 2.90657898e+02, 2.97638458e+02, 3.07217743e+02,
       3.10031006e+02, 2.15749496e+02, 2.67101044e+02, 2.30850433e+02,
       2.78549896e+02, 2.46246490e+02, 2.90423615e+02, 2.62176239e+02,
       3.02463409e+02, 2.78297150e+02, 3.14745056e+02, 2.94589325e+02,
       3.27085693e+02, 2.03541000e+02, 2.83509918e+02, 2.18468155e+02,
       2.95209930e+02, 2.33841995e+02, 3.07140472e+02, 2.49663116e+02,
       3.19476440e+02, 2.65667236e+02, 3.31791687e+02, 2.81881897e+02,
       3.44513062e+02, 2.79624176e+02, 2.44367645e+02, 2.99653778e+02,
       2.38481796e+02, 3.19650635e+02, 2.32428925e+02, 3.39971130e+02,
       2.26471329e+02, 3.59980652e+02, 2.20578506e+02, 3.79841003e+02,
       2.14788864e+02, 2.84661011e+02, 2.63069763e+02, 3.04704620e+02,
       2.56848206e+02, 3.25264923e+02, 2.50833023e+02, 3.45665680e+02,
       2.44671692e+02, 3.66094635e+02, 2.38638474e+02, 3.86232483e+02,
       2.32820358e+02, 2.89602997e+02, 2.82320587e+02, 3.10243683e+02,
       2.76118073e+02, 3.30798920e+02, 2.69850555e+02, 3.51727631e+02,
       2.63641907e+02, 3.72355469e+02, 2.57491730e+02, 3.92861206e+02,
       2.51786469e+02, 2.95054138e+02, 3.02178162e+02, 3.15611755e+02,
       2.95877747e+02, 3.36750519e+02, 2.89606384e+02, 3.57835999e+02,
       2.83283661e+02, 3.78832825e+02, 2.77216919e+02, 3.99633789e+02,
       2.71277161e+02, 3.00267395e+02, 3.22358551e+02, 3.21475555e+02,
       3.16111267e+02, 3.42605438e+02, 3.09700256e+02, 3.64228210e+02,
       3.03488373e+02, 3.85380188e+02, 2.97095001e+02, 4.06584717e+02,
       2.91219757e+02, 3.05747864e+02, 3.43098724e+02, 3.27147278e+02,
       3.36737305e+02, 3.48866760e+02, 3.30424805e+02, 3.70551514e+02,
       3.24062408e+02, 3.92186157e+02, 3.17696869e+02, 4.13521271e+02,
       3.11432953e+02, 3.11391968e+02, 3.64636902e+02, 3.33300659e+02,
       3.58294800e+02, 3.55138489e+02, 3.51869751e+02, 3.77355042e+02,
       3.45491211e+02, 3.99097839e+02, 3.38857758e+02, 4.20982056e+02,
       3.32691864e+02, 2.60772980e+02, 2.30568619e+02, 2.80583954e+02,
       2.32100739e+02, 3.00873657e+02, 2.33581223e+02, 3.21769775e+02,
       2.35397614e+02, 3.42738464e+02, 2.36887466e+02, 3.63767273e+02,
       2.38754288e+02, 2.60538635e+02, 2.50851807e+02, 2.80106323e+02,
       2.52621429e+02, 3.00221802e+02, 2.54534302e+02, 3.20792969e+02,
       2.56301849e+02, 3.41696106e+02, 2.58259521e+02, 3.62813629e+02,
       2.59795166e+02, 2.60209930e+02, 2.71062958e+02, 2.79567871e+02,
       2.72999542e+02, 2.99561768e+02, 2.74971802e+02, 3.20057312e+02,
       2.77012604e+02, 3.40676208e+02, 2.78891296e+02, 3.61650879e+02,
       2.80837341e+02, 2.59970520e+02, 2.91009399e+02, 2.79300232e+02,
       2.93041962e+02, 2.99046051e+02, 2.95310394e+02, 3.19393066e+02,
